# CRT residue matrix; same cut ranks. Sector character weights may differ.
0 2138 7891 4876 7520 3307 2158 2774 4333 4561 8040 9674 7243 3578 5141 6849 6593
2138 0 6212 6900 5964 5248 1288 4654 9533 7043 6175 8750 1837 5322 4912 5463 4393
7891 6212 0 9480 5830 8779 7076 5827 2784 6973 9611 2179 8368 838 5963 1924 2542
4876 6900 9480 0 8336 2913 3564 5174 548 4886 2215 3465 173 5876 3125 3234 8720
7520 5964 5830 8336 0 2315 477 632 6025 8875 7135 8162 1683 3652 8466 2751 4274
3307 5248 8779 2913 2315 0 9555 4959 2497 807 3420 7626 2272 1344 7282 2830 5701
2158 1288 7076 3564 477 9555 0 8001 9828 3001 6027 9969 8738 6602 4889 8195 1610
2774 4654 5827 5174 632 4959 8001 0 6047 3929 631 1516 8548 5399 6919 7444 1490
4333 9533 2784 548 6025 2497 9828 6047 0 7549 2586 6364 7922 5540 2345 1842 6063
4561 7043 6973 4886 8875 807 3001 3929 7549 0 6155 1232 4753 777 3731 7163 6470
8040 6175 9611 2215 7135 3420 6027 631 2586 6155 0 5603 1316 9743 9228 9938 6547
9674 8750 2179 3465 8162 7626 9969 1516 6364 1232 5603 0 8862 7827 9900 267 5095
7243 1837 8368 173 1683 2272 8738 8548 7922 4753 1316 8862 0 5739 3226 3104 1836
3578 5322 838 5876 3652 1344 6602 5399 5540 777 9743 7827 5739 0 2652 7850 6732
5141 4912 5963 3125 8466 7282 4889 6919 2345 3731 9228 9900 3226 2652 0 791 3127
6849 5463 1924 3234 2751 2830 8195 7444 1842 7163 9938 267 3104 7850 791 0 6206
6593 4393 2542 8720 4274 5701 1610 1490 6063 6470 6547 5095 1836 6732 3127 6206 0
