# GF(73^1), base-p polynomial labels; modulus (low to high):
0 21 7 58 1 22 41 0 26 35 10 38 16 1 31 60 23
21 0 7 38 51 65 47 55 43 35 43 63 12 66 21 61 13
7 7 0 63 63 19 68 60 10 38 48 62 46 35 50 26 60
58 38 63 0 14 66 60 64 37 68 25 34 27 36 59 22 33
1 51 63 14 0 52 39 48 39 42 54 59 4 2 71 50 40
22 65 19 66 52 0 65 68 15 4 62 34 9 30 55 56 7
41 47 68 60 39 65 0 44 46 8 41 41 51 32 71 19 4
0 55 60 64 48 68 44 0 61 60 47 56 7 70 57 71 30
26 43 10 37 39 15 46 61 0 30 31 13 38 65 9 17 4
35 35 38 68 42 4 8 60 30 0 23 64 8 47 8 9 46
10 43 48 25 54 62 41 47 31 23 0 55 2 34 30 10 50
38 63 62 34 59 34 41 56 13 64 55 0 29 16 45 48 58
16 12 46 27 4 9 51 7 38 8 2 29 0 45 14 38 11
1 66 35 36 2 30 32 70 65 47 34 16 45 0 24 39 16
31 21 50 59 71 55 71 57 9 8 30 45 14 24 0 61 61
60 61 26 22 50 56 19 71 17 9 10 48 38 39 61 0 1
23 13 60 33 40 7 4 30 4 46 50 58 11 16 61 1 0
