# GF(137^1), base-p polynomial labels; modulus (low to high):
0 83 82 81 122 19 103 34 86 40 94 84 119 16 72 136 17
83 0 47 50 73 42 55 133 80 56 10 119 56 116 117 120 9
82 47 0 27 76 11 89 73 44 123 21 124 11 16 72 6 76
81 50 27 0 116 36 2 105 0 91 23 40 36 122 111 83 89
122 73 76 116 0 123 66 84 134 107 11 79 39 90 109 11 27
19 42 11 36 123 0 102 27 31 122 132 91 80 111 21 90 84
103 55 89 2 66 102 0 55 101 124 136 105 107 26 94 112 103
34 133 73 105 84 27 55 0 19 93 83 9 54 56 69 46 120
86 80 44 0 134 31 101 19 0 14 120 62 113 60 16 61 35
40 56 123 91 107 122 124 93 14 0 127 136 95 92 32 39 31
94 10 21 23 11 132 136 83 120 127 0 123 83 16 49 74 108
84 119 124 40 79 91 105 9 62 136 123 0 94 18 36 130 26
119 56 11 36 39 80 107 54 113 95 83 94 0 122 75 90 55
16 116 16 122 90 111 26 56 60 92 16 18 122 0 49 41 19
72 117 72 111 109 21 94 69 16 32 49 36 75 49 0 106 113
136 120 6 83 11 90 112 46 61 39 74 130 90 41 106 0 41
17 9 76 89 27 84 103 120 35 31 108 26 55 19 113 41 0
