# GF(137^1), base-p polynomial labels; modulus (low to high):
0 87 48 100 28 35 90 1 36 51 100 7 127 69 6 122 76
87 0 42 103 120 68 12 117 124 102 6 73 18 80 17 81 19
48 42 0 93 8 84 4 43 130 45 116 81 10 106 72 23 65
100 103 93 0 125 112 20 100 1 87 89 66 65 128 102 52 1
28 120 8 125 0 125 44 63 74 25 123 47 109 78 51 13 43
35 68 84 112 125 0 44 25 79 31 67 56 100 133 109 124 88
90 12 4 20 44 44 0 12 107 134 136 134 76 7 37 17 81
1 117 43 100 63 25 12 0 54 7 98 57 133 135 77 4 2
36 124 130 1 74 79 107 54 0 127 10 30 133 16 57 43 129
51 102 45 87 25 31 134 7 127 0 92 48 87 132 15 101 27
100 6 116 89 123 67 136 98 10 92 0 87 109 76 53 9 36
7 73 81 66 47 56 134 57 30 48 87 0 12 39 74 86 67
127 18 10 65 109 100 76 133 133 87 109 12 0 120 46 128 23
69 80 106 128 78 133 7 135 16 132 76 39 120 0 86 38 67
6 17 72 102 51 109 37 77 57 15 53 74 46 86 0 86 4
122 81 23 52 13 124 17 4 43 101 9 86 128 38 86 0 102
76 19 65 1 43 88 81 2 129 27 36 67 23 67 4 102 0
