# GF(73^1), base-p polynomial labels; modulus (low to high):
0 14 59 54 37 6 8 34 17 65 21 44 51 38 5 37 40
14 0 52 43 20 26 54 43 39 54 37 6 17 28 38 43 49
59 52 0 15 53 68 33 27 63 26 61 14 8 40 27 37 71
54 43 15 0 68 60 15 42 41 47 27 8 55 66 12 59 35
37 20 53 68 0 71 33 54 62 47 8 1 59 61 23 70 6
6 26 68 60 71 0 37 59 69 72 34 7 48 71 52 31 60
8 54 33 15 33 37 0 56 33 8 21 13 14 24 45 41 42
34 43 27 42 54 59 56 0 56 50 55 36 56 10 42 43 44
17 39 63 41 62 69 33 56 0 19 30 51 20 30 32 25 39
65 54 26 47 47 72 8 50 19 0 52 66 2 61 25 2 25
21 37 61 27 8 34 21 55 30 52 0 21 11 61 57 38 0
44 6 14 8 1 7 13 36 51 66 21 0 58 63 47 55 61
51 17 8 55 59 48 14 56 20 2 11 58 0 67 56 6 71
38 28 40 66 61 71 24 10 30 61 61 63 67 0 42 32 14
5 38 27 12 23 52 45 42 32 25 57 47 56 42 0 57 35
37 43 37 59 70 31 41 43 25 2 38 55 6 32 57 0 49
40 49 71 35 6 60 42 44 39 25 0 61 71 14 35 49 0
