# Published manuscript CRT matrix, extracted from page 7 of 2605.05167v2_DAHBI.pdf
0 87 2103 9690 9892 8255 227 6166 9215 5394 3525 555 6840 6097 8911 6972 624
87 0 1001 4350 531 4041 6040 9022 6974 7500 3979 6649 8923 3094 3031 8438 2896
2103 1001 0 4614 9324 2550 1785 2509 6706 9224 9843 6657 7819 7778 757 5366 6641
9690 4350 4614 0 7660 3126 4541 6539 3837 6252 2144 6505 9107 2183 1472 7724 7262
9892 531 9324 7660 0 947 7990 200 6924 4135 4096 9637 5315 1448 9367 2479 9496
8255 4041 2550 3126 947 0 2373 7286 9121 4963 3903 6358 3114 2188 7644 8207 9404
227 6040 1785 4541 7990 2373 0 8232 9012 2052 4109 7532 2131 8638 8805 6319 7342
6166 9022 2509 6539 200 7286 8232 0 2246 7131 2975 7044 5750 3149 1721 2744 6030
9215 6974 6706 3837 6924 9121 9012 2246 0 1771 1928 3044 6298 5359 2660 317 1499
5394 7500 9224 6252 4135 4963 2052 7131 1771 0 6257 9775 6937 2324 974 1608 7836
3525 3979 9843 2144 4096 3903 4109 2975 1928 6257 0 7759 2712 3638 4437 1790 584
555 6649 6657 6505 9637 6358 7532 7044 3044 9775 7759 0 423 6341 485 6114 3492
6840 8923 7819 9107 5315 3114 2131 5750 6298 6937 2712 423 0 2038 1005 6430 2626
6097 3094 7778 2183 1448 2188 8638 3149 5359 2324 3638 6341 2038 0 1867 3463 1985
8911 3031 757 1472 9367 7644 8805 1721 2660 974 4437 485 1005 1867 0 8306 3977
6972 8438 5366 7724 2479 8207 6319 2744 317 1608 1790 6114 6430 3463 8306 0 2020
624 2896 6641 7262 9496 9404 7342 6030 1499 7836 584 3492 2626 1985 3977 2020 0
