0 0 0 0 0 0 0
0 0 0 0 0 64 32
0 4 10 4 0 0 0
64 0 0 0 32 16 1
20 0 17 0 5 0 0
98 1 0 0 0 1 1
64 0 0 0 32 80 33
0 4 10 4 0 64 32
16 8 0 2 1 64 32
0 4 98 0 0 68 36
0 20 34 0 34 20 0
2 53 2 0 2 2 0
2 5 98 0 0 4 4
2 5 10 20 8 0 0
20 0 17 0 5 64 32
98 1 16 0 4 1 1
64 8 0 2 32 80 33
24 0 96 1 1 4 4
64 4 10 4 32 16 1
26 25 0 3 3 0 0
0 0 120 4 4 68 36
84 0 17 0 37 16 1
2 5 98 0 0 68 36
24 28 2 3 3 0 0
18 5 10 20 9 0 0
32 32 32 32 32 31 0
2 101 10 4 0 2 2
0 52 74 4 2 2 4
0 100 10 20 8 2 2
0 4 10 84 40 16 8
0 4 98 16 8 68 36
66 1 0 16 40 80 33
24 0 96 1 1 68 36
0 16 40 68 2 68 40
2 29 2 2 2 64 32
26 5 2 1 1 64 32
24 4 98 1 1 4 4
2 5 10 20 8 64 32
64 4 10 4 32 80 33
2 1 8 4 96 80 48
0 100 98 0 0 70 38
2 29 26 6 6 0 0
24 28 2 19 11 0 0
0 0 120 68 36 20 12
18 21 34 0 35 20 0
36 36 19 0 36 19 0
0 4 122 4 4 68 36
0 28 106 6 2 4 4
2 97 0 64 32 82 42
8 120 0 3 2 66 34
24 0 120 5 5 4 4
0 28 42 6 2 68 32
0 4 42 68 32 84 40
0 28 98 2 2 68 36
24 0 24 69 37 16 8
26 25 0 3 3 64 32
0 24 104 6 2 68 36
0 20 34 64 34 84 40
2 25 0 66 34 80 40
34 5 10 20 40 17 0
24 0 96 17 9 68 36
64 64 64 64 64 64 63
2 5 122 4 4 4 4
2 29 98 2 2 4 4
2 29 2 66 34 16 8
2 29 34 2 2 68 32
2 1 120 4 4 68 36
16 28 98 2 3 4 4
22 5 11 4 1 64 32
26 5 98 1 1 4 4
2 25 64 66 34 16 12
8 24 112 3 6 4 4
24 4 26 5 5 64 32
24 4 98 1 1 68 36
2 5 98 16 8 68 36
26 5 2 65 33 16 8
2 25 96 2 2 68 36
66 5 10 20 40 16 1
2 5 10 4 96 80 48
18 1 40 68 1 68 40
18 5 10 20 9 64 32
2 29 26 22 14 0 0
36 36 51 0 36 23 0
18 29 10 22 11 0 0
38 37 19 0 36 19 0
28 0 121 5 5 4 4
2 29 90 6 6 0 4
2 25 24 86 14 0 8
24 0 120 21 13 4 4
26 25 0 67 35 16 8
26 25 0 19 11 64 32
0 4 122 68 36 20 12
22 5 43 20 9 4 0
0 8 120 70 36 20 12
68 28 27 6 6 0 1
36 36 19 32 36 27 0
22 5 11 52 9 8 0
22 37 11 20 9 2 0
0 64 56 52 76 12 18
44 36 19 1 36 19 0
0 60 66 18 10 66 36
18 21 10 36 35 24 0
0 36 26 68 36 82 40
0 20 42 68 34 84 40
0 28 98 18 10 68 36
126 1 1 65 1 1 9
16 124 2 18 11 2 2
96 32 32 64 64 71 57
90 21 2 1 35 16 1
2 5 122 4 4 68 36
24 124 2 3 3 2 2
18 85 10 4 35 16 2
18 21 10 4 99 16 16
32 4 42 68 32 85 40
26 29 2 3 3 64 32
2 13 114 2 4 68 36
2 25 120 6 6 4 4
2 29 98 2 2 68 36
24 28 2 67 35 16 8
2 5 98 64 32 84 44
26 21 98 1 3 4 4
24 28 2 19 11 64 32
54 17 9 68 3 1 8
24 92 34 3 3 4 2
54 17 9 4 3 65 32
54 1 9 68 1 65 40
18 17 24 20 15 64 32
18 21 10 68 35 16 8
2 37 74 20 8 66 36
18 21 10 4 35 80 32
16 28 98 2 3 68 36
18 5 42 4 33 84 32
38 17 9 100 2 9 8
36 4 11 68 32 81 40
26 5 98 1 1 68 36
24 28 98 3 3 4 4
18 21 34 64 35 20 8
26 25 96 3 3 4 4
24 24 24 7 7 64 32
24 4 98 65 33 20 12
16 12 98 18 9 68 36
24 28 66 3 3 64 36
52 16 9 68 3 65 40
24 4 98 17 9 68 36
66 5 10 20 40 80 33
18 17 40 68 3 68 40
18 53 50 0 39 22 0
54 21 35 0 35 21 0
26 121 0 19 11 2 2
0 52 58 4 38 86 32
18 61 18 2 39 18 0
124 0 9 69 1 65 41
54 5 35 0 33 85 32
2 13 58 54 12 12 0
108 0 9 69 32 81 41
2 53 50 48 14 14 0
0 52 50 48 78 14 16
26 29 34 19 11 4 0
8 52 50 49 14 14 0
28 0 121 5 5 68 36
36 0 57 68 36 85 40
48 48 48 48 15 15 0
0 52 42 68 34 86 40
24 0 120 69 37 20 12
24 24 56 7 39 20 0
24 0 120 21 13 68 36
34 73 104 6 0 69 38
28 0 25 69 37 80 40
34 37 26 20 44 19 0
98 5 98 0 96 21 21
26 125 2 3 3 2 2
30 121 1 3 3 2 2
26 121 16 3 7 2 2
24 124 2 19 11 2 2
12 4 43 53 8 76 32
24 120 16 19 15 2 2
44 4 35 49 8 77 32
2 13 26 22 108 16 16
26 29 2 19 11 64 32
66 65 72 68 64 64 63
64 68 74 4 96 80 55
66 5 74 68 64 64 61
26 121 32 3 3 6 2
26 5 122 5 5 4 4
36 4 43 68 32 85 40
2 101 106 20 8 6 6
10 29 114 3 6 4 4
24 24 24 71 39 16 8
18 53 18 64 39 18 8
38 85 11 20 10 1 2
26 89 64 3 35 16 6
26 89 48 3 7 4 2
6 85 11 20 42 16 2
6 85 11 52 10 8 2
24 120 64 19 11 2 6
54 5 11 4 33 81 32
24 24 88 7 39 16 4
18 21 106 4 35 20 4
66 69 74 68 32 16 15
26 29 98 3 3 4 4
2 69 74 4 96 80 54
54 1 41 68 1 69 40
24 24 120 7 7 4 4
2 13 74 22 104 16 20
2 97 104 20 8 70 38
18 21 42 4 35 84 32
24 28 98 19 11 4 4
88 24 56 7 7 4 1
26 25 24 7 7 64 32
18 1 104 100 1 76 44
24 4 122 5 5 68 36
118 5 3 64 33 17 9
6 85 11 36 34 24 2
6 85 11 20 10 64 34
98 101 10 20 8 3 3
24 20 82 17 15 64 36
46 97 17 17 12 3 2
18 17 112 48 15 12 4
2 53 74 20 10 66 36
2 101 10 20 104 18 18
18 17 16 112 15 72 40
108 16 17 65 38 17 9
24 24 24 7 39 80 32
18 21 34 64 35 84 40
6 21 11 36 98 24 16
16 52 74 20 11 66 36
96 100 10 20 8 67 35
18 17 64 112 11 72 44
98 37 10 20 40 19 1
98 5 26 20 44 17 1
38 21 11 20 10 65 32
16 36 26 68 37 82 40
104 36 26 5 36 19 1
24 24 56 7 7 68 32
18 17 80 48 15 72 36
34 65 72 20 72 65 54
18 5 42 68 33 84 40
34 69 74 20 40 17 6
24 28 98 3 3 68 36
34 69 10 20 40 81 34
98 5 10 84 40 17 9
18 17 40 100 67 12 24
26 25 96 3 3 68 36
26 29 26 23 15 0 0
14 45 59 7 4 6 0
30 45 43 7 1 6 0
26 21 26 21 47 16 0
4 28 43 54 42 28 0
14 45 43 7 32 22 0
48 48 48 48 47 31 0
62 5 43 21 9 5 0
54 29 3 18 43 17 0
38 61 3 18 42 19 0
62 13 11 7 33 17 0
58 37 10 53 9 11 0
60 12 11 23 41 17 0
44 12 27 23 44 17 0
54 37 43 20 9 7 0
52 48 49 48 15 15 0
50 5 42 52 41 29 0
58 37 42 21 9 7 0
42 5 58 21 44 21 0
14 49 41 21 42 22 0
42 21 42 21 42 21 0
126 13 11 7 1 1 1
62 13 75 7 1 1 4
30 77 11 39 1 8 2
6 29 123 6 6 4 4
6 93 59 6 6 4 2
18 125 10 22 11 2 2
18 61 10 22 75 2 16
22 109 43 6 1 6 2
18 29 10 22 107 16 16
18 29 10 86 43 16 8
86 45 43 6 1 6 1
50 93 10 22 11 1 2
4 20 107 52 42 28 4
94 41 41 7 1 6 1
62 13 11 7 1 65 32
50 29 10 22 75 1 16
18 29 74 22 43 16 4
4 20 43 52 42 92 32
30 13 11 71 1 64 40
114 29 10 22 11 1 1
26 5 26 85 45 16 8
22 45 43 6 1 70 32
4 20 43 52 106 28 16
14 45 43 7 64 6 16
50 29 74 22 11 1 4
30 41 41 7 1 70 32
14 41 105 7 32 22 4
86 41 41 38 1 14 1
46 13 11 7 32 81 32
26 21 26 21 15 64 32
48 24 24 22 111 17 16
118 5 43 20 9 5 1
48 24 24 86 47 17 8
6 29 59 6 6 68 32
48 48 48 48 79 15 16
34 5 122 20 44 21 4
18 93 10 22 11 64 34
48 24 88 22 47 17 4
112 24 24 22 47 17 1
38 93 3 66 2 65 42
122 5 42 21 9 5 1
48 28 26 6 103 17 16
18 29 10 22 43 80 32
34 5 58 20 108 21 16
34 5 58 20 44 85 32
54 77 3 66 1 65 42
54 69 43 20 9 5 2
54 5 43 20 73 5 16
48 28 90 6 39 17 4
58 5 42 85 9 5 8
58 5 106 21 9 5 4
70 45 43 6 64 6 17
48 112 48 48 15 15 2
50 29 10 22 11 65 32
34 69 58 20 44 21 2
98 5 58 20 44 21 1
34 5 58 84 44 21 8
38 77 19 66 4 65 42
18 37 10 116 41 26 8
58 69 42 21 9 5 2
34 37 26 20 108 19 16
78 41 41 7 64 6 17
50 101 42 20 9 7 2
112 28 26 6 39 17 1
64 20 106 52 42 28 5
114 37 42 20 9 7 1
18 37 10 52 41 90 32
58 5 42 21 73 5 16
38 77 3 66 32 81 42
34 21 42 20 42 85 32
18 101 10 52 41 26 2
48 28 26 70 39 17 8
46 13 11 7 96 17 16
82 37 10 52 41 26 1
50 37 42 20 73 7 16
98 37 26 20 44 19 1
70 41 41 38 64 14 17
98 21 42 20 42 21 1
96 68 66 80 72 65 63
6 21 107 20 10 68 36
80 24 24 22 47 80 33
48 24 24 70 103 17 24
36 20 43 68 34 85 40
48 24 40 6 99 85 48
6 5 75 116 40 24 12
36 36 27 68 36 83 40
66 29 10 22 42 80 33
82 101 10 20 41 18 3
18 53 74 20 11 66 36
6 21 11 116 10 72 40
54 5 11 68 33 81 40
82 101 10 52 9 10 3
22 33 41 68 33 86 40
34 21 26 68 102 17 24
26 29 98 3 3 68 36
96 120 24 6 6 67 35
54 17 41 68 3 69 40
24 24 120 7 7 68 36
102 17 9 84 42 17 9
98 69 10 84 40 17 11
74 21 10 37 98 24 17
18 21 42 68 35 84 40
50 21 66 96 3 73 44
24 28 98 19 11 68 36
98 69 10 20 40 81 35
26 5 26 69 37 80 40
34 69 26 20 44 81 34
18 69 10 52 41 88 34
98 5 74 20 104 17 21
24 100 98 17 9 70 38
30 29 27 23 15 0 0
26 29 26 23 47 16 0
58 29 26 23 15 1 0
50 49 48 48 47 31 0
18 61 10 54 43 26 0
60 12 27 23 45 17 0
50 61 10 22 43 19 0
44 12 59 23 44 21 0
54 53 43 20 11 7 0
58 37 42 53 9 15 0
6 57 57 38 38 30 0
50 37 42 52 41 31 0
38 45 27 22 44 19 0
14 53 51 49 14 14 0
38 29 35 50 42 29 0
14 45 123 7 4 6 4
14 109 59 7 4 6 2
30 109 43 7 1 6 2
94 45 43 7 1 6 1
30 45 43 71 1 6 8
26 21 26 21 111 16 16
4 28 43 118 42 28 8
14 45 107 7 32 22 4
4 28 107 54 42 28 4
54 21 43 4 35 85 32
30 45 43 7 1 70 32
4 28 43 54 106 28 16
14 45 43 7 32 86 32
26 29 26 23 15 64 32
48 48 48 48 47 95 32
126 5 43 21 9 5 1
62 5 107 21 9 5 4
48 112 48 48 47 31 2
62 5 43 85 9 5 8
118 29 3 18 43 17 1
38 125 3 18 42 19 2
126 13 11 7 33 17 1
58 37 10 117 9 11 8
62 5 43 21 9 69 32
60 12 11 87 41 17 8
102 61 3 18 42 19 1
52 48 121 36 7 15 4
14 45 107 7 64 6 20
54 37 107 20 9 7 4
38 61 3 18 42 83 32
62 5 43 21 73 5 16
44 12 27 87 44 17 8
62 13 75 7 33 17 4
52 48 49 48 15 79 32
60 12 75 23 41 17 4
116 48 57 36 7 15 1
58 101 10 53 9 11 2
44 12 27 23 108 17 16
78 45 43 7 64 6 17
54 37 43 20 9 71 32
54 29 3 18 43 81 32
116 48 49 48 15 15 1
38 61 67 18 42 19 4
42 5 122 21 44 21 4
50 5 42 52 41 93 32
122 37 42 21 9 7 1
62 13 11 7 33 81 32
26 21 26 21 79 64 48
60 76 11 23 41 17 2
58 37 10 53 73 11 16
50 5 42 52 105 29 16
58 37 74 53 9 11 4
114 5 42 52 41 29 1
42 5 58 21 44 85 32
58 101 42 21 9 7 2
54 37 43 84 9 7 8
64 28 106 54 42 28 5
2 101 106 20 104 22 22
106 5 58 21 44 21 1
58 37 42 85 9 7 8
58 37 106 21 9 7 4
14 45 43 7 64 70 48
44 76 27 23 44 17 2
44 12 27 23 44 81 32
52 112 49 48 15 15 2
50 69 42 52 41 29 2
42 69 58 21 44 21 2
58 37 42 21 73 7 16
14 49 41 21 106 22 16
106 21 42 21 42 21 1
114 125 10 6 3 3 3
36 36 59 68 36 87 40
124 124 3 3 3 3 3
96 68 66 80 104 81 63
98 65 72 84 72 65 63
38 85 107 20 10 5 6
102 21 107 20 10 5 5
48 68 66 80 105 81 62
6 69 59 20 108 20 18
122 29 98 3 3 5 5
36 36 91 68 36 83 44
102 53 75 20 10 3 5
54 5 75 20 105 17 20
24 24 120 23 15 68 36
6 93 11 22 42 80 34
96 68 74 20 104 81 55
98 65 72 52 72 73 55
50 69 42 36 33 93 34
124 12 19 19 13 65 33
124 28 3 19 11 65 33
98 65 88 20 76 65 55
24 124 98 3 3 70 38
86 17 113 96 7 12 13
84 48 49 96 39 30 9
24 84 10 53 43 88 34
18 5 114 112 45 28 12
6 85 11 20 106 80 50
34 101 10 84 40 83 42
54 17 105 68 3 69 44
18 101 10 52 41 90 34
34 85 26 20 46 81 34
6 85 43 52 74 12 18
86 5 43 20 41 84 33
30 33 33 49 73 78 48
34 37 90 20 44 83 36
56 24 88 23 15 65 36
18 5 10 116 105 88 56
96 116 106 20 10 7 7
34 37 90 20 108 19 20
106 49 24 5 102 19 17
24 28 34 99 99 28 24
50 37 42 84 9 71 40
18 21 42 100 35 92 40
34 69 90 20 44 81 38
50 5 42 52 73 77 48
114 5 74 84 41 17 13
98 5 10 84 104 81 57
98 101 10 20 104 19 19
102 5 11 20 104 81 49
98 69 10 84 40 81 43
100 116 11 20 10 67 35
18 101 10 52 73 74 50
98 21 42 20 42 85 33
120 44 82 3 69 3 21
34 69 74 20 104 81 54
44 76 19 19 108 17 18
34 97 88 20 76 67 54
26 25 120 7 7 68 36
26 29 98 19 11 68 36
24 28 98 67 35 84 44
98 69 26 20 44 81 35
42 37 74 69 96 19 28
98 21 42 84 42 21 9
30 61 27 23 15 2 0
14 61 59 39 6 14 0
58 29 26 23 47 17 0
30 29 27 39 39 24 0
38 61 35 50 42 31 0
0 112 104 84 106 86 62
46 109 67 67 0 67 46
54 49 57 52 15 15 0
42 53 58 21 46 23 0
26 29 26 23 111 16 16
26 29 26 55 79 8 16
26 29 58 23 79 4 16
26 29 122 23 15 4 4
90 29 58 23 15 4 1
30 29 27 23 15 64 32
50 49 48 48 111 31 16
18 125 10 54 43 26 2
18 61 10 54 107 26 16
50 113 48 48 47 31 2
60 12 91 23 45 17 4
18 61 10 54 43 90 32
44 12 123 23 44 21 4
50 125 10 22 43 19 2
44 12 59 87 44 21 8
50 61 10 22 107 19 16
16 96 104 100 97 94 62
122 37 42 53 9 15 1
108 12 59 23 44 21 1
54 117 43 20 11 7 2
50 61 10 22 43 83 32
82 61 10 54 43 26 1
6 57 121 38 38 30 4
50 61 10 86 43 19 8
54 53 107 20 11 7 4
44 12 59 23 44 85 32
58 37 42 53 9 79 32
6 57 57 38 38 94 32
26 29 26 23 47 80 32
58 101 42 53 9 15 2
54 53 43 20 75 7 16
54 53 43 20 11 71 32
6 57 57 38 102 30 16
60 76 27 23 45 17 2
26 29 90 23 15 64 36
50 37 42 52 41 95 32
38 109 27 22 44 19 2
50 101 42 52 41 31 2
50 61 74 22 43 19 4
44 76 59 23 44 21 2
64 112 112 112 14 78 47
38 93 35 50 42 29 2
38 45 27 22 44 83 32
38 45 27 86 44 19 8
58 37 42 53 73 15 16
54 53 43 84 11 7 8
44 108 27 23 44 19 2
38 29 99 50 42 29 4
70 57 57 38 38 30 1
64 112 112 112 46 30 15
96 96 96 96 96 95 63
6 125 107 22 10 6 6
18 125 10 54 75 10 18
72 24 24 87 110 80 57
38 5 123 20 108 21 20
126 5 11 85 41 17 9
6 29 123 22 14 68 36
36 20 59 100 38 93 40
50 5 122 20 109 21 20
118 69 107 20 9 5 7
96 96 104 20 104 87 55
96 96 96 112 104 31 31
96 68 18 112 108 89 59
86 5 59 20 45 84 33
86 5 27 20 109 80 49
6 113 121 20 46 22 6
34 37 122 20 108 23 20
118 5 75 20 105 17 21
18 93 10 54 43 88 34
24 28 122 23 15 68 36
96 80 40 116 106 29 27
18 53 58 68 39 86 40
24 120 120 23 15 6 6
98 65 72 84 104 81 63
26 125 98 3 3 70 38
26 21 26 21 111 80 48
118 5 43 84 9 69 41
118 5 11 84 105 17 25
118 5 43 20 73 69 49
122 5 74 85 41 17 13
98 5 42 100 96 93 57
6 13 27 118 44 88 40
74 25 56 55 78 12 17
70 41 41 118 40 30 9
124 120 9 7 3 67 35
34 21 90 84 110 17 28
34 37 10 116 104 91 56
18 37 58 100 37 94 40
26 53 26 21 79 66 48
26 29 122 7 7 68 36
42 97 96 97 96 31 30
6 53 107 84 74 6 28
38 37 59 68 68 71 56
18 53 10 116 75 74 56
114 5 74 116 9 73 45
34 101 10 84 104 83 58
34 101 90 20 44 83 38
26 69 58 53 77 12 18
34 101 74 20 104 83 54
72 36 82 49 108 90 53
102 33 89 20 76 67 53
82 5 106 116 9 76 45
88 120 24 39 39 26 3
96 24 104 22 106 85 53
78 77 67 35 96 24 23
54 21 43 68 35 85 40
6 113 105 52 42 30 6
96 80 112 112 46 29 15
54 5 75 84 105 17 28
30 29 67 35 99 24 20
114 101 106 20 9 7 7
26 29 114 19 15 68 36
50 69 42 52 41 93 34
50 21 42 100 35 93 40
26 37 26 21 109 82 48
50 37 42 100 97 31 24
24 124 98 19 11 70 38
24 28 106 71 35 84 44
90 5 26 101 37 88 41
78 17 113 97 38 28 13
114 69 42 52 41 29 3
24 100 82 97 37 90 46
50 21 42 52 75 77 48
50 49 88 52 15 75 36
24 28 98 83 43 84 44
90 57 56 7 7 70 33
24 112 104 69 35 86 46
26 101 26 21 45 82 34
50 21 106 68 35 85 44
26 69 26 53 45 88 34
18 85 74 52 43 88 38
34 37 90 84 108 19 28
42 85 106 21 42 21 6
24 100 98 97 97 30 30
26 37 26 101 101 26 24
112 104 88 70 37 19 15
104 100 26 21 108 19 19
54 25 41 70 67 69 56
30 69 67 49 41 88 38
30 29 27 55 47 24 0
110 109 67 67 0 67 47
38 61 51 50 46 31 0
46 61 27 23 46 19 0
54 45 27 54 45 27 0
30 125 27 23 15 2 2
30 29 27 55 79 8 16
14 125 59 39 6 14 2
14 61 59 103 6 14 8
58 29 26 23 111 17 16
58 93 26 23 47 17 2
78 61 59 39 6 14 1
122 29 26 23 47 17 1
58 29 90 23 47 17 4
30 93 27 39 39 24 2
30 29 27 39 103 24 16
30 93 27 23 15 64 34
38 125 35 50 42 31 2
42 37 58 53 44 95 32
46 125 67 67 2 67 46
42 37 58 117 44 31 8
14 61 59 39 70 14 16
38 61 99 50 42 31 4
62 109 67 67 1 67 46
52 56 57 86 47 23 8
116 56 57 22 47 23 1
58 29 26 23 47 81 32
42 53 58 21 46 87 32
54 49 57 52 79 15 16
118 49 57 52 15 15 1
46 109 67 67 32 83 46
54 49 57 116 15 15 8
106 53 58 21 46 23 1
30 29 27 39 39 88 32
72 72 72 119 104 88 63
18 117 90 20 111 18 22
40 48 24 117 110 91 56
46 77 27 119 12 9 10
110 61 27 71 6 3 9
18 53 122 36 39 94 36
26 25 24 119 47 88 40
122 125 26 7 7 3 3
30 77 123 7 37 20 6
26 21 58 85 111 20 24
58 125 90 7 7 3 6
30 13 123 7 101 20 20
126 5 3 113 105 25 25
62 29 107 7 3 69 36
122 21 26 53 79 9 17
122 117 26 5 39 19 3
122 93 58 7 7 5 3
26 5 90 117 109 24 28
104 48 24 117 46 91 41
122 117 26 21 15 3 3
26 61 26 23 79 66 48
26 29 26 103 103 24 24
122 85 10 53 43 25 3
58 61 90 7 71 3 20
26 117 58 5 39 86 34
30 109 19 51 77 10 18
94 21 43 85 43 20 9
54 53 107 68 3 71 44
26 29 122 39 71 12 20
6 53 115 112 46 30 12
30 29 19 83 47 80 40
14 77 75 55 72 72 54
122 29 26 23 15 65 33
90 53 58 85 15 6 9
18 101 10 116 105 90 58
96 24 120 102 102 29 29
114 101 106 20 9 71 39
98 97 72 84 104 83 63
50 101 42 52 41 95 34
26 53 26 21 111 82 48
38 117 35 112 42 31 10
80 104 104 38 97 94 55
96 112 104 84 42 87 47
14 117 115 33 70 14 22
26 37 26 117 109 26 24
38 93 35 50 42 93 34
90 117 26 21 15 66 35
26 121 120 7 71 6 22
42 117 90 37 38 27 6
42 117 26 37 102 27 18
106 117 26 37 38 27 3
26 37 90 85 109 18 28
112 104 24 102 37 91 43
40 100 82 81 108 83 62
72 112 56 69 102 86 59
82 69 74 116 105 24 31
14 121 57 39 70 14 18
38 93 35 114 42 29 10
56 52 90 85 79 3 28
120 104 24 103 37 27 11
40 112 112 81 78 71 62
120 116 74 69 67 3 31
96 88 88 38 102 89 55
40 84 82 97 102 89 62
72 112 112 49 78 78 55
96 112 112 112 78 15 31
42 85 90 53 46 25 6
42 85 26 53 46 89 34
68 112 41 116 106 30 27
96 88 56 86 46 85 43
42 21 58 53 78 77 48
68 52 11 116 106 90 57
68 56 49 114 78 78 57
68 56 97 114 106 30 29
96 88 88 54 46 89 39
96 100 26 116 108 27 27
88 96 56 101 101 30 27
96 28 26 102 102 89 57
6 97 25 116 108 90 58
88 104 56 103 69 14 27
112 104 56 70 69 71 59
88 56 56 87 15 70 41
88 56 56 103 71 14 25
112 76 74 38 97 89 55
88 104 56 71 101 22 27
120 52 26 85 15 67 41
104 100 82 49 108 27 23
104 84 42 21 106 85 51
104 100 26 21 108 83 51
26 25 120 71 39 84 44
26 21 106 101 99 28 28
112 104 104 22 105 23 23
88 104 112 51 45 30 7
50 81 104 116 11 77 46
54 73 73 54 73 73 54
98 69 74 84 104 81 63
88 52 50 81 111 22 25
0 112 120 116 110 94 62
0 120 120 102 102 94 62
64 48 120 116 110 94 61
30 29 27 55 111 24 16
62 125 19 19 47 19 2
126 1 121 69 37 85 45
64 112 56 116 110 94 59
8 112 112 113 110 94 62
126 1 97 113 105 29 29
64 112 120 116 46 94 47
64 56 120 102 102 94 61
54 113 57 52 47 31 2
30 29 27 55 47 88 32
32 120 120 86 78 71 62
64 120 120 102 102 30 31
98 101 98 96 96 95 63
126 61 91 7 7 3 5
90 29 26 119 47 24 9
122 29 26 119 15 9 9
122 29 26 55 79 9 17
96 24 112 114 110 93 61
126 29 27 39 71 9 17
30 125 27 23 15 66 34
80 40 120 102 101 94 61
96 80 120 116 46 93 47
96 24 120 102 102 93 61
30 29 27 55 79 72 48
96 96 120 116 108 31 31
38 125 35 50 42 95 34
122 21 26 85 111 17 25
38 125 99 50 42 31 6
126 61 27 7 7 67 33
106 125 122 7 6 7 7
24 28 122 87 47 84 44
72 112 112 49 110 94 55
24 124 26 103 103 26 26
126 29 51 99 7 13 9
126 29 27 39 7 73 33
126 29 43 71 35 21 9
126 77 51 51 13 13 3
68 112 41 116 106 94 59
24 108 122 87 45 22 14
80 112 104 116 43 94 47
54 93 35 50 107 29 18
62 113 41 21 43 87 34
62 77 43 55 73 13 18
46 53 107 21 42 87 36
56 56 72 87 107 83 60
68 56 97 114 106 94 61
54 49 57 52 79 79 48
118 29 35 50 107 29 17
122 121 24 71 39 19 11
96 100 26 116 108 91 59
38 61 35 114 106 31 24
30 61 99 83 43 22 12
62 101 75 5 97 83 54
96 112 120 116 78 15 31
96 88 120 102 102 29 31
62 29 27 39 71 73 48
96 28 114 114 78 77 61
124 44 27 23 45 83 33
62 49 105 85 43 23 12
58 37 58 101 101 31 24
66 49 120 116 78 78 61
66 97 120 116 108 30 31
114 5 106 116 105 29 29
86 5 43 116 105 92 57
26 13 122 119 13 76 44
50 37 42 116 105 95 56
74 125 74 23 42 82 39
126 29 99 35 67 13 21
104 60 26 119 14 75 41
90 21 42 117 107 28 25
82 101 42 100 97 94 59
112 112 104 84 43 87 47
112 104 104 22 105 87 55
38 37 59 84 108 87 56
98 101 98 112 104 31 31
118 73 73 54 73 73 55
112 100 74 116 105 27 31
76 124 43 23 106 22 19
26 117 106 21 43 86 38
112 112 104 116 75 15 31
88 104 56 103 101 30 27
112 52 74 116 75 75 61
112 104 56 86 77 71 59
100 84 11 116 106 89 59
98 101 122 52 76 15 23
100 28 67 114 106 89 61
90 89 56 103 39 28 11
108 116 11 85 106 19 27
112 76 106 54 105 29 23
112 76 114 114 45 29 15
26 21 106 101 99 92 60
98 25 120 86 46 85 45
98 25 120 102 102 29 29
54 77 75 54 73 73 54
54 61 59 54 47 31 0
62 125 27 23 47 19 2
64 56 120 118 110 94 61
126 1 113 113 77 77 61
64 120 120 54 110 94 55
8 116 114 113 110 94 62
30 29 27 119 111 24 24
62 125 91 23 15 3 6
94 29 59 55 79 12 17
126 61 19 19 111 19 17
126 125 3 51 75 11 19
126 65 97 49 105 93 55
126 17 97 97 99 93 61
118 61 35 50 107 31 17
54 125 99 50 43 31 6
126 65 97 113 105 29 31
120 104 24 119 109 27 27
30 29 27 55 111 88 48
22 61 107 54 43 94 36
72 112 120 53 110 94 55
72 52 114 113 110 94 61
96 112 120 116 110 31 31
66 49 120 116 110 94 61
96 28 114 114 110 93 61
62 61 59 71 71 7 24
58 101 58 53 45 95 34
80 108 106 54 105 94 55
80 120 120 102 39 94 47
96 120 120 86 46 87 47
62 61 43 23 75 71 48
124 124 43 23 43 23 3
98 101 98 112 104 95 63
126 97 97 81 41 87 47
118 73 73 118 73 73 63
120 88 112 67 103 85 63
122 125 26 71 39 19 11
88 112 112 113 79 78 63
126 49 73 69 99 83 61
82 73 56 118 109 92 59
112 104 88 54 109 91 55
112 100 26 116 109 91 59
88 56 56 103 103 94 57
120 88 112 99 71 77 63
90 73 112 99 101 92 63
126 69 35 113 105 29 27
126 97 25 101 101 27 27
120 88 56 103 39 93 43
90 73 56 55 109 92 51
112 104 120 86 45 87 47
88 52 106 101 99 94 61
112 76 114 114 45 93 47
98 81 120 116 46 93 47
82 41 120 102 101 94 61
120 88 56 103 103 29 27
98 25 120 102 102 93 61
112 28 106 102 99 93 61
112 112 120 116 15 79 47
90 89 56 103 103 28 27
112 120 120 102 71 15 31
112 108 106 86 105 23 31
112 108 90 54 77 75 55
56 116 106 85 75 71 62
56 120 120 71 71 71 62
102 77 27 54 108 89 51
120 120 120 71 39 23 15
62 61 59 55 47 31 0
54 125 59 54 47 31 2
118 61 59 54 47 31 1
126 125 3 115 11 75 43
126 97 17 113 109 91 59
122 97 24 117 109 91 59
120 120 24 119 111 27 27
58 117 58 53 47 95 34
106 105 80 115 108 91 63
114 105 24 118 109 91 59
68 120 57 118 110 94 59
120 120 24 103 103 91 59
56 56 56 119 111 95 56
88 56 56 119 111 94 57
62 109 91 119 13 11 14
30 57 89 119 111 26 28
30 29 27 119 111 88 56
90 69 122 85 109 84 63
90 73 112 115 109 92 63
120 120 112 67 103 87 63
110 77 75 87 104 81 63
120 112 112 113 79 79 63
112 76 58 118 109 93 59
120 88 56 103 103 93 59
122 89 56 87 79 69 59
126 97 113 113 77 15 31
90 89 112 99 103 92 63
106 89 112 115 78 77 63
106 89 56 87 110 85 59
76 120 113 51 110 94 55
112 120 120 102 103 31 31
120 120 56 87 79 71 59
90 89 56 103 103 92 59
112 108 90 54 109 91 55
14 113 113 113 110 94 62
78 113 105 85 106 86 63
78 113 113 113 78 78 63
120 116 106 85 43 87 47
120 120 120 87 47 23 15
58 57 120 87 79 71 60
114 101 106 116 105 31 31
62 61 123 55 47 31 4
120 120 96 115 107 95 63
126 65 57 117 109 93 59
96 124 122 118 110 31 31
120 56 56 119 111 95 57
120 104 112 115 109 95 63
126 97 25 117 109 91 59
120 120 112 99 103 95 63
106 105 112 115 108 95 63
106 89 112 115 110 93 63
126 73 113 51 109 93 55
120 120 112 115 79 79 63
122 89 56 103 103 93 59
122 121 56 87 79 71 59
126 125 99 83 43 23 15
126 113 105 85 43 87 47
126 113 113 113 15 79 47
114 113 120 116 79 79 63
90 57 120 103 103 94 61
122 57 120 87 79 71 61
120 120 120 103 103 31 31
62 125 123 55 47 31 6
126 125 123 7 103 23 23
122 105 112 115 109 95 63
122 121 112 115 79 79 63
58 57 120 119 111 95 60
106 113 120 117 110 95 63
120 120 120 103 103 95 63
122 113 120 117 79 79 63
122 121 120 71 103 87 63
120 124 122 103 103 31 31
126 125 59 55 47 95 35
126 125 123 119 15 15 15
126 53 123 85 111 87 61
110 125 27 119 110 91 59
94 121 121 103 103 94 63
126 125 27 119 111 91 59
110 125 123 87 110 87 63
110 125 123 119 110 95 63
126 125 123 119 111 95 63
